Round 0:

Weights: [[90,20,60,40],[40,10,100,97],[90,20,60,70],[50,20,60,20],[50,100,100,30],[100,35,50,70],[60,20,10,30],[50,99,70,40],[40,90,70,70],[60,90,50,20]]
Current Best Weight: [40,10,70,40]
Current Best cost: [11,121,382,34,60,449,88,98]


Round 1:

Weights: [[50,20,60,30],[50,99,83,20],[61,69,19,30],[60,90,100,30],[60,99,50,20],[50,99,70,40],[90,90,50,20],[32,90,36,20],[90,44,71,78],[50,100,60,30]]
Current Best Weight: [40,10,70,40]
Current Best cost: [11,121,382,34,60,449,88,98]


Round 2:

Weights: [[32,20,36,20],[32,90,36,20],[26,20,83,20],[60,90,100,30],[60,99,100,30],[48,99,50,15],[60,43,50,30],[60,90,100,35],[32,90,36,20],[50,99,1,30]]
Current Best Weight: [32,90,36,20]
Current Best cost: [11,121,382,34,60,428,88,98]


Round 3:

Weights: [[33,90,36,97],[32,20,36,20],[39,20,36,20],[32,20,12,17],[61,100,36,20],[32,20,43,84],[60,53,4,20],[32,20,36,20],[32,90,100,55],[60,90,36,30]]
Current Best Weight: [32,90,36,20]
Current Best cost: [11,121,382,34,60,428,88,98]


Round 4:

Weights: [[95,55,36,76],[32,20,59,20],[39,20,36,20],[32,90,21,20],[32,90,100,55],[32,20,36,20],[61,100,36,55],[32,20,36,55],[61,20,36,20],[68,100,36,14]]
Current Best Weight: [32,90,36,20]
Current Best cost: [11,121,382,34,60,428,88,98]


Round 5:

Weights: [[99,4,59,20],[32,70,91,17],[32,90,100,60],[32,20,90,20],[32,64,100,20],[32,90,36,55],[23,20,36,20],[32,20,3,92],[82,20,59,74],[44,69,36,20]]
Current Best Weight: [32,90,36,20]
Current Best cost: [11,121,382,34,60,428,88,98]


Round 6:

Weights: [[44,69,91,17],[32,69,36,60],[32,77,91,60],[74,88,91,17],[32,20,100,60],[32,95,100,65],[32,64,18,20],[3,65,90,98],[44,64,100,6],[32,15,74,20]]
Current Best Weight: [32,90,36,20]
Current Best cost: [11,121,382,34,60,428,88,98]


Round 7:

Weights: [[32,2,91,60],[56,69,91,85],[36,88,91,42],[32,77,91,22],[32,20,100,60],[74,88,100,17],[32,20,100,75],[97,20,91,17],[32,95,69,17],[32,77,91,60]]
Current Best Weight: [32,90,36,20]
Current Best cost: [11,121,382,34,60,428,88,98]


Round 8:

Weights: [[36,88,94,60],[32,15,9,22],[32,46,91,22],[32,88,100,60],[32,70,53,22],[74,88,100,22],[32,88,51,60],[32,20,91,60],[32,39,79,41],[74,88,100,17]]
Current Best Weight: [32,90,36,20]
Current Best cost: [11,121,382,34,60,428,88,98]


Round 9:

Weights: [[36,88,91,22],[92,88,100,51],[55,88,92,60],[32,70,53,22],[32,70,53,22],[32,65,100,60],[32,88,100,22],[11,88,68,60],[45,88,94,60],[74,46,91,22]]
Current Best Weight: [32,90,36,20]
Current Best cost: [11,121,382,34,60,428,88,98]


Round 10:

Weights: [[87,88,66,72],[92,88,100,60],[92,88,91,22],[36,88,91,22],[54,85,54,94],[30,88,100,51],[55,40,92,22],[11,88,68,60],[89,63,68,22],[32,88,91,22]]
Current Best Weight: [32,90,36,20]
Current Best cost: [11,121,382,34,60,428,88,98]


Round 11:

Weights: [[92,82,68,60],[92,88,91,22],[92,88,100,22],[68,88,100,22],[36,88,91,22],[30,88,91,22],[30,88,100,22],[36,88,91,60],[11,41,68,51],[92,88,100,51]]
Current Best Weight: [32,90,36,20]
Current Best cost: [11,121,382,34,60,428,88,98]


Round 12:

Weights: [[92,88,91,22],[69,73,100,93],[99,88,100,22],[92,88,100,22],[68,88,100,22],[30,88,100,22],[36,88,91,22],[92,56,9,65],[30,88,91,22],[30,88,91,22]]
Current Best Weight: [32,90,36,20]
Current Best cost: [11,121,382,34,60,428,88,98]


Round 13:

Weights: [[4,88,99,22],[14,88,100,22],[92,88,100,22],[92,73,100,23],[30,88,100,22],[1,88,91,22],[69,88,67,22],[92,11,100,22],[92,88,1,3],[36,88,91,22]]
Current Best Weight: [32,90,36,20]
Current Best cost: [11,121,382,34,60,428,88,98]


Round 14:

